WINDOW_WIDTH=700
WINDOW_HEIGHT=800

EXPERIMENT_DURATION=6
TIME_TO_RECOVER=6

UPSET_POSITIONS='[

[30, 70], [70, -60], [-70, -60], [30, 70],
[-70, -60], [30, 70], [30, 70], [70, -60],
[30, 70], [30, 70], [70, -60], [-70, -60],
[-70, -60], [30, 70], [30, 70], [70, -60],
[70, -60], [-70, -60], [30, 70], [30, 70],

[-130, -35], [130, 35], [-130, 35], [130, -35],
[-130, -35], [130, -35], [130, 35], [-130, 35],
[-130, 35], [-130, -35], [130, -35], [130, 35],
[130, 35], [-130, 35], [130, -35], [-130, -35],
[-130, 35], [130, -35], [-130, -35], [130, 35]

]'

TURBULENCE_SEVERANCE=1
TURBULENCE_FLUCTUATIONS=0.5	

INTERVAL = 3